13023494916.0
12182389751.0
10954483105.0
10518076655.0
11173827167.0
12794388234.0
14855344677.0
15720259281.0
15046515282.0
13440663844.0
11924379484.0
10357140158.0
9447534099.0
9994124551.0
11400024049.0
12015888466.0
11055567738.0
10311375819.0
10683220640.0
11284299634.0
11909298661.0
11947698985.0
11399146648.0
11347034188.0
12378541796.0
12963029869.0
12700516226.0
12485738041.0
11855784373.0
11888556073.0
13001063583.0
13260983883.0
11930459434.0
11670792275.0
11755360828.0
11523345758.0
12734330410.0
14629332790.0
14703137020.0
13207157440.0
11650111084.0
10351873088.0
9993872871.0
10076072488.0
10688451900.0
11834688599.0
12319933752.0
11638643420.0
11528941484.0
12368701334.0
12972226637.0
12569983692.0
11670634231.0
11064313628.0
10734468831.0
11671719471.0
13259642596.0
14362856005.0
15112250482.0
14923756604.0
13870070269.0
12142773051.0
10414207557.0
9324026589.0
9908755925.0
11336024527.0
12296824878.0
11708990509.0
10422837147.0
10028814580.0
10349632249.0
11085196529.0
11704886360.0
12041395715.0
11972281459.0
12589634426.0
13143499916.0
12479464676.0
11776979833.0
11838440486.0
12295851490.0
12985253676.0
13122795324.0
12092655410.0
11352044552.0
11368629098.0
12182304749.0
13491043533.0
14279537044.0
14242188792.0
13359224018.0
11792479972.0
10753172990.0
10436491397.0
10558441525.0
10742685087.0
11368366182.0
11739011199.0
11444462797.0
11352881126.0
12460603451.0
13165829185.0
12133543416.0
10699140613.0
10681306544.0
11581951858.0
12478202087.0
13822047144.0
14319326676.0
14092602946.0
13976683762.0
13681710920.0
12217347459.0
11156237732.0
11095688421.0
11135103897.0
11891450125.0
12636592516.0
12107992448.0
10928806532.0
10328799403.0
10225857614.0
10818461366.0
11185473029.0
11698204502.0
12647226353.0
13661106592.0
13675346547.0
12399933344.0
11265145479.0
10879851970.0
11715142119.0
13427535741.0
14106589270.0
12864807094.0
11839466121.0
11441786567.0
11912584644.0
13057370815.0
13693337055.0
13904267009.0
13641984728.0
12564037265.0
11089852736.0
10779421276.0
11236556689.0
11370789030.0
10995899898.0
10564663550.0
10453808603.0
11438896946.0
12941648589.0
13305353930.0
12185521820.0
10806499561.0
10958232496.0
12478875769.0
13340100078.0
13439661824.0
13558890972.0
13636983401.0
12974330702.0
12540465810.0
12357790103.0
12028499461.0
12053326613.0
12217856620.0
12143296438.0
12137085025.0
11621509411.0
10333836707.0
9564488394.0
9904236517.0
10793910961.0
11512070508.0
12183331555.0
12770251878.0
13122921005.0
13304304337.0
12626921706.0
11259534000.0
10889780836.0
11800300950.0
12921872942.0
14005878206.0
13779165834.0
12399826876.0
11773719689.0
12124472238.0
12581238206.0
12619971958.0
13301454985.0
13921613708.0
13072399514.0
11812948090.0
11109359819.0
11078007071.0
11382957988.0
10767249402.0
9726655350.0
9548127501.0
10865471684.0
12650703396.0
13420286643.0
12704383683.0
11510661709.0
10966572908.0
11750529401.0
13006340817.0
13268633461.0
12939629119.0
12726928073.0
12465618647.0
12177027842.0
12486473798.0
12703144234.0
12675679408.0
12495505007.0
12224199407.0
11925794915.0
11172055627.0
10239425148.0
9461845168.0
9914587279.0
11174072378.0
12235830373.0
12844350607.0
12913296000.0
12332074005.0
12039348172.0
12315492825.0
11667499608.0
11401039318.0
12312467361.0
13435618397.0
13907527289.0
13185074111.0
12104689902.0
11577725500.0
11999382474.0
12569154863.0
12716404414.0
12828939895.0
13660291635.0
13825475486.0
12490718481.0
11179809685.0
10621537159.0
10850975836.0
10732989536.0
9961639641.0
9898967928.0
10838990869.0
12022505323.0
12592779715.0
12504161039.0
11929912306.0
11365067230.0
11327748619.0
12340248226.0
13197500610.0
12977755181.0
12165863678.0
11912984629.0
12679030150.0
13134412721.0
13422874704.0
13429011811.0
12872404465.0
11930908356.0
11576817253.0
11041202198.0
10179146751.0
10018395789.0
10697878337.0
11342159086.0
11950385384.0
12760761372.0
12828955727.0
12086641040.0
11420833064.0
11453562885.0
12111477398.0
12354710498.0
12419798574.0
13410307971.0
13629692512.0
12326873118.0
11264197635.0
11483796924.0
11988991878.0
12469696170.0
12984973737.0
12890482621.0
13254452188.0
14058871634.0
13245623971.0
11210464846.0
10526933959.0
10939053682.0
11109546139.0
10725803702.0
10343349534.0
10647916725.0
11273980106.0
12060969602.0
12677298474.0
12356451799.0
11545749039.0
11244315977.0
11495617604.0
12153793531.0
12675295853.0
12389720488.0
12380336078.0
12922155667.0
13159891670.0
12850730094.0
12610614003.0
12603328057.0
12121088312.0
11596949276.0
11337190815.0
10792840828.0
10443358906.0
11342890388.0
12093267205.0
11994584921.0
12435743448.0
13060654277.0
12411057502.0
11684305766.0
11778879803.0
12134507769.0
12428079199.0
12590371637.0
12827142481.0
12698469260.0
12271257629.0
11422956230.0
11129178203.0
12085429590.0
12693702842.0
12413883513.0
12758207500.0
13766663227.0
13838259628.0
12724907968.0
11527375463.0
10796608341.0
11077534884.0
11905375808.0
11407921400.0
10568903764.0
10690341622.0
11095648511.0
11779232068.0
12440427055.0
12122919810.0
11483524304.0
11443767491.0
11447214299.0
11393048444.0
12156613619.0
12936780923.0
13004870883.0
12827645712.0
12343053089.0
11924505733.0
11790538754.0
12332738546.0
12554031206.0
12105955946.0
11592537679.0
11223080641.0
11222587751.0
12032498564.0
12171819835.0
12005080820.0
12438731178.0
12950184965.0
12623582092.0
12111132735.0
11982839853.0
11866100338.0
12394581817.0
12997478865.0
12773124513.0
12247471201.0
11664486619.0
11103356783.0
11057482951.0
11699612567.0
12200672945.0
12024512889.0
12283697698.0
13613869963.0
14078934533.0
13047003424.0
11984262369.0
11358247570.0
10915498750.0
11380183369.0
12117948865.0
12032557390.0
11556565152.0
11400553546.0
11331141524.0
10973275569.0
11367621946.0
11879877685.0
12141214370.0
12126167159.0
11637102635.0
11659386938.0
12650575520.0
13734136921.0
13158852451.0
11934239260.0
11308877374.0
11345388587.0
11674371284.0
12425058114.0
12653140339.0
12178242648.0
11446844412.0
11540879152.0
12207324379.0
12409013407.0
12273637621.0
12235549047.0
12594063364.0
12854644819.0
12491842833.0
11834795923.0
12057095145.0
12537070478.0
12714464444.0
12530697005.0
12052532054.0
11433988659.0
10603068425.0
10738091637.0
11152074295.0
11584577804.0
12412534469.0
12722948634.0
13154896383.0
13664999151.0
13479850674.0
12577849614.0
11677621359.0
11193150622.0
11424334806.0
12118227528.0
12684711285.0
12417536495.0
11866234599.0
11188168352.0
10377287831.0
10839471866.0
11601802213.0
12310996904.0
12767529593.0
12129518484.0
11439714291.0
12506854044.0
13519506009.0
13094032100.0
11879638794.0
11338468561.0
11482674733.0
11734484710.0
12314453204.0
12592930793.0
12509374081.0
11862739941.0
11499794969.0
11979997001.0
12358794365.0
12760253656.0
12783063609.0
12486777872.0
12243176441.0
12497821313.0
12290545887.0
11877106628.0
11982213985.0
12311795275.0
12566640154.0
12234051044.0
11432603333.0
10313327548.0
9870415117.0
10568619811.0
11778855013.0
12619435130.0
13050429677.0
13563871496.0
13708357951.0
13523613621.0
12821296332.0
11941216259.0
11318689649.0
11662573071.0
12630028380.0
12972075877.0
12813629513.0
11940636503.0
10571126754.0
10070867603.0
10555808054.0
11490978583.0
12590842524.0
13461249525.0
12842937377.0
11860955772.0
12000283272.0
12803060338.0
12580837844.0
11794317155.0
11638174693.0
11730783376.0
11735264777.0
11803073553.0
12205292233.0
12168864289.0
11748404142.0
11890324059.0
12702677671.0
12899036752.0
12885481628.0
12875244094.0
11923575767.0
11837921844.0
12785624160.0
13017918074.0
12290982293.0
11943863493.0
11929894715.0
12010624022.0
11956132651.0
10930344986.0
9694174983.0
9527657066.0
10126162648.0
11766801469.0
13406708712.0
13816782809.0
13762543556.0
13615040082.0
13047236735.0
12280491304.0
12146937209.0
11931067852.0
11990653994.0
12824961334.0
12925952379.0
12246547336.0
11524867805.0
10594654703.0
10103907561.0
10627829443.0
11568572930.0
12463440512.0
13210329159.0
13325972179.0
12348507993.0
11774736880.0
11888508398.0
11835594693.0
11423585776.0
11413316491.0
11671795385.0
11708900338.0
11778095743.0
12038224909.0
11887584569.0
11998462744.0
12640094660.0
13261373338.0
13241262678.0
12905837514.0
12437063234.0
11835614506.0
12156303469.0
12817795672.0
12923954172.0
12654377628.0
12120648870.0
11319515123.0
10785049250.0
11012516849.0
10964558786.0
10223460722.0
9601480433.0
9975799669.0
11584999932.0
13506798195.0
14324659030.0
14006468407.0
13415278060.0
12545617436.0
11790493447.0
11973256013.0
12499294180.0
12467304096.0
12739329400.0
12960206218.0
12366637639.0
11291618799.0
10452335642.0
10468310055.0
11227820975.0
12357865843.0
12575949255.0
12834775289.0
12999617170.0
12485959883.0
11994894570.0
11902423762.0
11473022806.0
10823368018.0
10963036728.0
11576646972.0
12165615177.0
12333385493.0
12184053996.0
11873854825.0
12316883122.0
12710623019.0
13083454523.0
13570513789.0
13469309968.0
12861313160.0
12346358731.0
13008746816.0
13436025632.0
13555835670.0
13615851878.0
12432008573.0
10742268584.0
10208509492.0
10383796314.0
10828475200.0
10968982044.0
10177548281.0
10533320501.0
11852699917.0
13061317220.0
14105937668.0
13670743775.0
12892287024.0
12194227592.0
11917766350.0
12216824578.0
12957881105.0
13390443161.0
13189988260.0
12778686116.0
11821320018.0
10863194386.0
10277138905.0
10642060078.0
12041659873.0
12849323700.0
12664058383.0
12558849495.0
12707706736.0
12447557949.0
12083512536.0
11700648202.0
10784777511.0
10127557729.0
10679286270.0
11573331177.0
12089236404.0
12377643847.0
12309754878.0
11910712720.0
11983978116.0
12120291435.0
12508830491.0
13150908565.0
13745005862.0
13514424855.0
12954620455.0
13158716588.0
13334122981.0
13417948007.0
13158197211.0
11940061976.0
10495422420.0
10048603581.0
10169877517.0
10734427919.0
11297167380.0
10975002103.0
11014171532.0
11822815465.0
12454220278.0
12838094950.0
12863668189.0
12505071506.0
12403316836.0
12324760445.0
12042213686.0
12022836413.0
12789862883.0
13727256801.0
13299634035.0
11744417684.0
10852876597.0
10400473798.0
10875103282.0
12612489109.0
13870119501.0
13688994205.0
12771592097.0
12138208423.0
11797578455.0
11674228641.0
11333378092.0
10769297198.0
10277629956.0
10586956618.0
11100847780.0
11658521574.0
12315599611.0
12593048510.0
12540203922.0
11912379729.0
11647109021.0
11923674077.0
12884047698.0
14237259115.0
14321969074.0
13529049123.0
13042096386.0
12945965462.0
12677758071.0
12061311299.0
11519593367.0
10739633200.0
10264703505.0
9861077079.0
9753676245.0
11056088960.0
12160610767.0
11764961738.0
11833299910.0
12159873133.0
11799194909.0
11817934925.0
12851248274.0
13177370954.0
12299145010.0
11454984979.0
11356342461.0
12359878143.0
13856598244.0
13690356083.0
11823183534.0
10601775837.0
10596203510.0
11295139874.0
12940260903.0
14610737875.0
14451695914.0
12941124543.0
11402049809.0
10573294397.0
10687836510.0
11144626559.0
11446276870.0
11217480509.0
10696778191.0
10540090583.0
11009323083.0
12215508495.0
13179583891.0
13280641761.0
12016796423.0
11024524360.0
10980409280.0
12110707153.0
13822817033.0
14785539202.0
14397023767.0
13711938262.0
13085232785.0
12209911046.0
11466408065.0
10916776622.0
10479782894.0
10132119955.0
9872568260.0
9688879008.0
10752511910.0
12243704892.0
12789935657.0
12224775599.0
11511383044.0
10992069951.0
11124983294.0
12543901770.0
13876902994.0
13155927280.0
11572120911.0
11148286280.0
12171774873.0
13042358569.0
13074225971.0
12278453308.0
11271271744.0
10845254676.0
11821460942.0
13515002391.0
14494380799.0
13950912094.0
13019719461.0
11526134322.0
10047175276.0
10042850273.0
11036707032.0
11500199762.0
11484481204.0
11216977697.0
10887629856.0
11115898206.0
12153284795.0
13502769517.0
13521081205.0
12126501569.0
10750470489.0
10554160745.0
11504717995.0
13131294322.0
15082891979.0
15578380656.0
14579308918.0
13240582183.0
12110114287.0
10806206935.0
10165657880.0
10183259029.0
10675721739.0
11147883882.0
10607167814.0
10364772108.0
11594196130.0
12764540267.0
12577045366.0
11642931774.0
11082370426.0
11166262750.0
12150473195.0
13241696204.0
13201165403.0
12430384334.0
11649515446.0
11691208815.0
12951203457.0
13078769689.0
12199342334.0
12159568772.0
11515126410.0
11267572501.0
12929501294.0
14672401861.0
14305488327.0
13168819838.0
11979169326.0
10206664057.0
9650741529.0
10441483571.0
11289780279.0
11936364642.0
11897608970.0
11310872462.0
11442647878.0
12136458513.0
13002190465.0
