277345302.0
294367670.0
289820161.0
284048248.0
276569085.0
253800214.0
224843066.0
190258375.0
183814487.0
203014471.0
235660008.0
264543582.0
290547132.0
318597994.0
337535062.0
330399293.0
304557948.0
286615992.0
288750511.0
308804422.0
330506573.0
336244886.0
327337850.0
310486848.0
288411602.0
272472573.0
285085895.0
317312749.0
340630879.0
343246773.0
343715605.0
357730513.0
379012539.0
387661309.0
386882961.0
394393835.0
409459976.0
422373106.0
409582151.0
373499657.0
327335278.0
285125608.0
254134988.0
239196681.0
239709526.0
251014900.0
268306159.0
273443104.0
256368243.0
245588045.0
241452337.0
246528562.0
246502487.0
244780038.0
248861576.0
255468394.0
267401234.0
286179498.0
304622620.0
305043213.0
301190758.0
319588792.0
345188573.0
357327402.0
341543999.0
335041196.0
341267700.0
356039876.0
349032635.0
344753602.0
358986749.0
397985641.0
439277142.0
450084948.0
434991381.0
406380917.0
374304487.0
336459354.0
304843818.0
286823653.0
277548598.0
268967194.0
276832276.0
295789752.0
312628637.0
313100849.0
320441740.0
335151228.0
351494155.0
341993877.0
313471163.0
289074539.0
276561405.0
269726548.0
260153635.0
266385110.0
278893487.0
279160237.0
264035424.0
246475067.0
245015228.0
246751887.0
238966876.0
215389312.0
195406585.0
190207329.0
195138789.0
201327812.0
212012590.0
234515519.0
265964023.0
297659849.0
319467198.0
325785806.0
316649468.0
296991480.0
286376483.0
300057903.0
331970015.0
347196088.0
332579342.0
322972806.0
337658203.0
359299358.0
358506243.0
323711446.0
291597576.0
268012876.0
248822983.0
233601719.0
219453328.0
208433508.0
189568212.0
175388634.0
176069389.0
188944411.0
211348371.0
234760620.0
259160882.0
277201990.0
303262872.0
338534715.0
360972450.0
354695176.0
331821624.0
323439633.0
328191756.0
319302806.0
303176655.0
283282943.0
270191667.0
244737581.0
219624906.0
215448716.0
235390159.0
264726502.0
288238152.0
305309792.0
324401719.0
334941313.0
341665887.0
347998949.0
348575423.0
351851822.0
359928125.0
391898722.0
420375150.0
419742835.0
379058146.0
337074622.0
310713104.0
289995431.0
267126134.0
242935813.0
232090320.0
232780822.0
239658598.0
248850966.0
265924592.0
289837876.0
320702302.0
368717905.0
406604343.0
418129816.0
391525064.0
357684777.0
324508418.0
302875199.0
300313413.0
280474921.0
240636512.0
191803298.0
169457185.0
162904948.0
167022275.0
169692358.0
188097698.0
214476647.0
236769140.0
253022340.0
271539820.0
298157145.0
309406212.0
312918179.0
312348578.0
308983195.0
305161480.0
293103572.0
284927784.0
287417037.0
284021433.0
268773458.0
250079251.0
236970121.0
249791860.0
288937478.0
331597211.0
350420554.0
347021363.0
347774930.0
361834546.0
372525652.0
361106084.0
339885893.0
327219288.0
328017055.0
345484125.0
359211994.0
341917655.0
303899529.0
265666038.0
254380704.0
260207560.0
263681307.0
255062595.0
233028941.0
210871391.0
193276925.0
180172433.0
181282309.0
185913665.0
199104463.0
219461390.0
253898751.0
292348949.0
325895238.0
341165464.0
343840928.0
341324605.0
349385354.0
355742847.0
356896626.0
333754289.0
324011385.0
336324181.0
364089209.0
361305356.0
324874363.0
286770164.0
271105096.0
278279738.0
284563169.0
296447220.0
325847759.0
351904933.0
350907611.0
339481256.0
325819936.0
308747120.0
278594250.0
244053604.0
224103351.0
232874708.0
256025334.0
280512099.0
296430257.0
297443383.0
291093344.0
288025472.0
291738789.0
290111965.0
283596872.0
274936366.0
271834833.0
294477615.0
331376963.0
343742998.0
344373770.0
348977236.0
369101220.0
383499316.0
376291991.0
351152415.0
324800335.0
320887308.0
322244773.0
333821329.0
335087281.0
314531483.0
285843151.0
276939223.0
292560444.0
300882858.0
307533310.0
320671407.0
342421923.0
367329177.0
364406909.0
356109487.0
332517694.0
329016961.0
340501037.0
375444411.0
402771336.0
399544504.0
375155444.0
346710903.0
327120844.0
303594482.0
274690106.0
256916059.0
268842941.0
276845950.0
273581432.0
268362877.0
263327700.0
245340212.0
215436652.0
195821991.0
187038796.0
187613844.0
194130451.0
197695362.0
196650994.0
189010832.0
188790920.0
197618873.0
217381013.0
242656071.0
271589417.0
286150268.0
295400346.0
296542537.0
304059853.0
318747646.0
327334719.0
338896309.0
344802448.0
331513061.0
307303240.0
282617956.0
266114775.0
262287024.0
246111862.0
228147386.0
216868014.0
222571984.0
243171224.0
271584058.0
291421610.0
304454667.0
340947281.0
415810975.0
471250073.0
477056404.0
460936039.0
485763518.0
522142462.0
525664995.0
490397838.0
448430754.0
417414268.0
387056939.0
353140768.0
329643261.0
312264224.0
284982893.0
253879779.0
231881108.0
225201402.0
218529578.0
207228720.0
202481109.0
224685914.0
253450627.0
274541904.0
280424418.0
281119121.0
276924789.0
269612802.0
269605427.0
270831183.0
282378773.0
303667616.0
321722961.0
320653947.0
302839082.0
280803277.0
265977153.0
264872787.0
267055390.0
260120624.0
248823855.0
254364786.0
271675242.0
292418051.0
297813861.0
297560819.0
302272415.0
311645226.0
324385017.0
335216708.0
345899192.0
338854040.0
330086473.0
311315059.0
300123239.0
276826294.0
260357508.0
246985212.0
242339944.0
239911837.0
232790619.0
243954083.0
265418419.0
290602124.0
307789554.0
317706538.0
316995003.0
308809485.0
308906084.0
321137310.0
326858024.0
335262561.0
341328668.0
357821280.0
361683768.0
361715944.0
356562140.0
353302927.0
346512344.0
326202188.0
297737099.0
270080463.0
249677429.0
243863872.0
264019875.0
297651836.0
317312701.0
310657913.0
310282887.0
329438186.0
331441035.0
297698382.0
269299054.0
270085763.0
296109132.0
308488866.0
304325110.0
314340513.0
333515177.0
342302820.0
339447216.0
351366579.0
377686317.0
380595335.0
345828433.0
310836576.0
291504776.0
277437126.0
255588619.0
233555461.0
221732273.0
229391990.0
242702126.0
256400271.0
273303220.0
305474712.0
338942735.0
368134958.0
378149190.0
385992318.0
400293641.0
394072522.0
388678733.0
355953808.0
328132225.0
287631864.0
260035916.0
241931656.0
238528167.0
248584838.0
273780563.0
308893519.0
331460224.0
322808509.0
299364300.0
291809821.0
293483921.0
299032866.0
297440899.0
316769082.0
366029885.0
414954273.0
438905780.0
432721902.0
419852129.0
410966050.0
407416935.0
396517202.0
370119066.0
333855293.0
306695395.0
290417732.0
277151799.0
251368064.0
220967212.0
213965632.0
232957014.0
251900328.0
252489467.0
236843257.0
222445906.0
218370373.0
212822329.0
205005417.0
198832954.0
193688333.0
193995478.0
195839021.0
196948388.0
193214198.0
192316501.0
205279614.0
240491382.0
