1119358552.0
1191004182.0
1209016792.0
1243100175.0
1330155023.0
1352371909.0
1269256079.0
1213828826.0
1192169689.0
1096259104.0
1085434188.0
1357678499.0
1765059370.0
1977692514.0
1956659679.0
1870721243.0
1783328106.0
1613388067.0
1306784977.0
1019262092.0
901544057.0
954084973.0
1106549188.0
1309518350.0
1522874012.0
1676811753.0
1680997359.0
1527787916.0
1339375528.0
1134967641.0
1004068993.0
1003330481.0
1028949455.0
1152492440.0
1300291827.0
1426096991.0
1661653047.0
1835071475.0
1728430846.0
1388031635.0
1132611112.0
1194783299.0
1251962682.0
1079605183.0
1020373825.0
1244122974.0
1436174021.0
1388608776.0
1352621781.0
1472316563.0
1438735937.0
1197585814.0
996505995.0
874477207.0
788289135.0
705459414.0
632299608.0
633597816.0
668269641.0
685195496.0
716927880.0
742996358.0
755765637.0
817718691.0
977533733.0
1172588101.0
1184732441.0
991945753.0
900482331.0
1016975021.0
1130734607.0
1125125734.0
1052904873.0
1044313310.0
1155415821.0
1157496116.0
955490006.0
821833812.0
851999255.0
948014159.0
1049767336.0
1128327596.0
1253294422.0
1422805537.0
1441330312.0
1205190517.0
889310818.0
651956149.0
548830495.0
566408691.0
628362869.0
713780268.0
732348367.0
662994406.0
577597939.0
519587040.0
527483914.0
574735994.0
681195013.0
851770815.0
976530101.0
956347609.0
817419067.0
710045399.0
688354633.0
660914459.0
631851913.0
611198663.0
562293866.0
512588039.0
524406277.0
652762231.0
775315637.0
793279638.0
763442036.0
735401947.0
827305597.0
1041906652.0
1269248407.0
1395440403.0
1319910655.0
1205010671.0
1194672576.0
1275317487.0
1372362350.0
1317662573.0
1191008974.0
1115031110.0
1035961994.0
1014057409.0
1110900834.0
1238514880.0
1272709372.0
1234335703.0
1216693750.0
1197067843.0
1173260094.0
1215580868.0
1249045615.0
1202921637.0
1236321412.0
1438472932.0
1613834873.0
1652890503.0
1578157746.0
1368900403.0
1104640602.0
835666358.0
681674149.0
740321052.0
920748659.0
1100773768.0
1246534125.0
1450088659.0
1509851919.0
1307345768.0
1134980072.0
1067236064.0
1008662993.0
963644335.0
929494745.0
882664243.0
903379303.0
1062435078.0
1302415884.0
1509345583.0
1578868554.0
1578773939.0
1520859620.0
1247142550.0
850721853.0
703982799.0
831065331.0
922752508.0
957845678.0
1035520991.0
1211693732.0
1445426162.0
1550388146.0
1565089359.0
1613728568.0
1660765958.0
1615104351.0
1412359793.0
1160601696.0
1040031345.0
1125699253.0
1361557561.0
1627267382.0
1829661930.0
1880966589.0
1792161430.0
1648004184.0
1505169557.0
1455761644.0
1520112713.0
1564238807.0
1487971900.0
1307825682.0
1136392665.0
1092441563.0
1089181691.0
1054533559.0
1054703095.0
1057365763.0
1108754164.0
1253008937.0
1309656751.0
1194655372.0
980782647.0
751347039.0
647692110.0
719941688.0
945477471.0
1245002046.0
1433759207.0
1494997016.0
1570904975.0
1584807580.0
1358157369.0
1074649297.0
1010536539.0
1183682203.0
1375946484.0
1466754487.0
1606921791.0
1758477838.0
1668508816.0
1296232073.0
919859843.0
739680449.0
700788264.0
724954489.0
788265879.0
867499997.0
894064322.0
832771840.0
730862922.0
662630177.0
629144463.0
613702350.0
639671195.0
705567488.0
811749051.0
838918025.0
734143946.0
674407635.0
689216846.0
706783294.0
701622790.0
713244037.0
785149781.0
827441512.0
831730788.0
790537176.0
687086806.0
618204956.0
572147628.0
529784029.0
581782405.0
734706192.0
882818913.0
966605120.0
952440030.0
807193858.0
603911292.0
508667350.0
595227645.0
817392069.0
1072890923.0
1072015434.0
881323405.0
897639450.0
1028181602.0
1088236090.0
1116154716.0
1128904258.0
1091084393.0
894979398.0
645334640.0
535905912.0
473596597.0
417985090.0
436056574.0
485851439.0
591098336.0
767781833.0
886417966.0
914838349.0
999983811.0
1141521198.0
1180794753.0
1040651552.0
809233195.0
617268665.0
469687244.0
433880267.0
628610514.0
915742442.0
1138284517.0
1290713154.0
1329377005.0
1269110694.0
1098300378.0
865749549.0
855617724.0
1066795818.0
1192764374.0
1209409864.0
1262557470.0
1235552914.0
1076162537.0
1018192284.0
1154516109.0
1339388842.0
1423608705.0
1437969450.0
1342633943.0
1137649986.0
1020821073.0
1013589556.0
1076378722.0
1253132432.0
1413153249.0
1411445303.0
1287967515.0
1138928850.0
