781057105.0
788210856.0
701649422.0
548422929.0
499135013.0
604026174.0
725819641.0
681974437.0
561873192.0
553119561.0
656728345.0
902835639.0
1010044474.0
933618952.0
970955617.0
930815173.0
874197233.0
848892424.0
666394649.0
663883671.0
963201922.0
1261840730.0
1179207221.0
751595432.0
396702407.0
556329241.0
1222730873.0
1351606470.0
963305866.0
869868348.0
784975846.0
973361522.0
1202441381.0
977696131.0
679635186.0
597526759.0
851542889.0
1013106476.0
891173017.0
745294257.0
742037510.0
996306068.0
1048344176.0
909152576.0
711937312.0
613555607.0
739481754.0
680503995.0
698818456.0
624357905.0
487960029.0
506253330.0
540069927.0
596320720.0
740610941.0
876184490.0
842007430.0
811894615.0
929171710.0
973427039.0
998778699.0
899694181.0
806744234.0
829002168.0
608276675.0
411923520.0
443997002.0
536298087.0
789137820.0
981258288.0
930833038.0
767148167.0
605910984.0
664452246.0
678051351.0
720986599.0
963782893.0
1122157753.0
1113354575.0
890972912.0
661746330.0
527860956.0
719482576.0
1102496509.0
1089108681.0
910904478.0
709823008.0
620972953.0
728658230.0
1079184877.0
1176062582.0
817297604.0
659110272.0
579406476.0
759075739.0
842355854.0
677776967.0
713025755.0
675231941.0
587606022.0
643017409.0
614416634.0
598219205.0
650248632.0
808363270.0
857880237.0
771312828.0
661466425.0
605946662.0
579295008.0
670188830.0
766029830.0
749202343.0
738784054.0
561389556.0
426273961.0
521738118.0
699529918.0
793120740.0
698114177.0
754525311.0
892127101.0
717415659.0
641354763.0
838776291.0
974792302.0
1073256684.0
821887807.0
496396816.0
636666855.0
1073367626.0
1218591838.0
1015772014.0
742472293.0
477381162.0
707526025.0
942918689.0
884666138.0
980125408.0
682128204.0
524130506.0
712552150.0
741155294.0
947660309.0
860091760.0
705970761.0
652650933.0
591225809.0
711976841.0
808752980.0
805118853.0
685334997.0
531042650.0
424991718.0
448499534.0
646942063.0
651411460.0
564051139.0
567723286.0
575377997.0
817464884.0
896528465.0
803843262.0
674528198.0
465021369.0
507781747.0
641124470.0
957293776.0
1186260332.0
773035048.0
487607871.0
696059646.0
891160646.0
777527354.0
658785425.0
562062120.0
698831016.0
981935396.0
1117742790.0
1096675074.0
854420218.0
653560888.0
686446650.0
689892083.0
681836514.0
676560103.0
1074386573.0
1145930103.0
1050627621.0
958195790.0
804028398.0
1005106742.0
1068103168.0
1048508188.0
985772422.0
752854820.0
762344401.0
864273420.0
856977483.0
846901317.0
928603223.0
836435903.0
646036568.0
572669348.0
545368934.0
662278577.0
692726305.0
804606002.0
762222648.0
658323257.0
734505118.0
707913980.0
812060593.0
801042923.0
587186994.0
499283906.0
642243764.0
814565295.0
774885766.0
1003567396.0
1049769318.0
894207047.0
843705468.0
629671596.0
686076208.0
937738855.0
1030394349.0
1033635259.0
814020776.0
737957774.0
816441980.0
749469287.0
613297652.0
486037664.0
657484458.0
1075493901.0
1082665900.0
795231132.0
650571742.0
721644041.0
1108454302.0
1243786780.0
1095059902.0
1015209471.0
874862672.0
873156664.0
830281785.0
847553872.0
869871862.0
677502061.0
677846084.0
792421472.0
666132335.0
550383118.0
561069038.0
514279866.0
605054439.0
696843665.0
609167872.0
630584592.0
745998576.0
916504070.0
923403669.0
817280076.0
818400958.0
806229373.0
1064528913.0
1261882465.0
1021163644.0
910379194.0
797486860.0
724696471.0
957976424.0
937344283.0
826985064.0
719078172.0
735616189.0
885020129.0
1015981741.0
858242394.0
646658172.0
588548375.0
723604055.0
1093753176.0
877979903.0
573298214.0
467450626.0
504975499.0
1039424941.0
1169534635.0
1132642544.0
1082174473.0
871274447.0
1083021208.0
1096620988.0
960840197.0
853468589.0
749335517.0
735855442.0
719695104.0
650752217.0
718364457.0
871312909.0
695181369.0
559155018.0
634815728.0
765149769.0
982676727.0
853247261.0
517483447.0
507574160.0
793728969.0
953952799.0
1087737842.0
1178948904.0
829505583.0
821176776.0
951783498.0
865579658.0
1045499834.0
1144999337.0
1010258906.0
846540144.0
678934356.0
617973584.0
671424452.0
967271583.0
998372431.0
809142532.0
634220106.0
633330321.0
991244599.0
911029213.0
687162008.0
590093613.0
441657181.0
745738770.0
1126260859.0
1178135318.0
1256201027.0
1034979873.0
803577244.0
976065377.0
1118839421.0
1166326985.0
959656118.0
600938813.0
476043930.0
578105127.0
856804658.0
1089032549.0
1233598465.0
1124250372.0
849558457.0
666352864.0
516091822.0
676012934.0
953516430.0
1095379283.0
1139437873.0
981604808.0
903244408.0
1041704539.0
1200951752.0
1106993422.0
812950570.0
609931386.0
700973546.0
971280406.0
1289535522.0
1330013179.0
1066175512.0
897525654.0
839362022.0
820050841.0
872032604.0
864058700.0
865691183.0
901943366.0
1181438119.0
1196837544.0
919310378.0
718528367.0
527297441.0
696000620.0
1063249912.0
1071800083.0
1017075229.0
907260826.0
771714581.0
933761406.0
943663387.0
997794397.0
1229536566.0
1101517161.0
793340164.0
629057236.0
668338098.0
965232278.0
1187988221.0
1117204734.0
793481103.0
728639092.0
917227152.0
1199844722.0
1257745654.0
914217250.0
995779001.0
1142164252.0
1101705457.0
1321848860.0
1218125007.0
1191666351.0
1216512699.0
938741198.0
941645618.0
944805515.0
869877215.0
742434402.0
805152946.0
1051840500.0
1106202762.0
1068622251.0
932995359.0
841023862.0
867541924.0
996182018.0
1156088079.0
907720874.0
769321666.0
687482842.0
528296893.0
806003783.0
1114857451.0
1280465471.0
1262758226.0
951946276.0
576339426.0
758711851.0
1226273699.0
1385594409.0
1421976142.0
1184569884.0
768816766.0
685535087.0
771945360.0
1007433004.0
1041001297.0
831112100.0
703417607.0
795024147.0
1144612084.0
1203997761.0
1029890299.0
800602953.0
871324178.0
994469587.0
829083893.0
963920348.0
1169370678.0
1300434338.0
1407010610.0
1160765285.0
867581415.0
845023392.0
1027409084.0
1114901361.0
954673592.0
711471608.0
727425807.0
977917979.0
1191717162.0
1151311660.0
934114405.0
1049959442.0
1230526516.0
1088014528.0
1081377443.0
1258528685.0
1363716430.0
1414313827.0
1054804579.0
936869485.0
1203769029.0
890730526.0
635684334.0
683983492.0
875499563.0
1221146216.0
1313306697.0
1251042839.0
973111936.0
709698300.0
642732425.0
703438138.0
975305402.0
1138940522.0
981254720.0
774565717.0
807231179.0
927341570.0
908608487.0
801798506.0
733978630.0
802463993.0
1082194624.0
1238575640.0
1135667867.0
952162665.0
942767171.0
1089324149.0
1177164243.0
1015593501.0
800224129.0
887090112.0
1002574561.0
1136584322.0
1503764398.0
1706427023.0
1587923255.0
1040536054.0
619565974.0
1057352667.0
1464306992.0
1364808348.0
1099272512.0
915841572.0
1001296905.0
1126570775.0
956049758.0
932049218.0
985652905.0
734246218.0
677033106.0
838193977.0
1102760031.0
1343282794.0
1187802637.0
1015059051.0
928003823.0
705251957.0
631731573.0
636068075.0
639884337.0
674676102.0
642343627.0
692901497.0
836575696.0
893807574.0
825115814.0
745038210.0
686639111.0
762169549.0
933521757.0
978744217.0
800538768.0
752062239.0
775382518.0
831187996.0
1011196493.0
1064440593.0
959435391.0
948491880.0
1083531769.0
1123849075.0
970556846.0
1059468852.0
1212529191.0
1178929748.0
1103867307.0
1029617580.0
806234886.0
806712561.0
844574468.0
861031337.0
1096584304.0
1149538786.0
1058683486.0
971644941.0
805473609.0
1018949354.0
1010960503.0
768184025.0
748219995.0
701304133.0
812421272.0
896854961.0
771539600.0
