1313057416.0
1244909875.0
1315067804.0
1282507030.0
1089623815.0
1010018521.0
941008361.0
1097151674.0
1378631986.0
1878735479.0
1628253544.0
1252846418.0
1219601619.0
1324574302.0
1137227257.0
1090226882.0
1165007835.0
1452064869.0
1570986158.0
1305845966.0
1173200863.0
990247677.0
1093365928.0
1134728168.0
1428540975.0
1114623665.0
1160610197.0
1092988593.0
976564435.0
914980841.0
1103496595.0
1277828834.0
1723168962.0
2101636566.0
2028502894.0
1709107855.0
1819027726.0
1686024104.0
1610744115.0
1731602246.0
1597297325.0
1262785407.0
1045301202.0
1017511098.0
944808395.0
1112444512.0
1305005640.0
1480766538.0
1518503669.0
1427821174.0
1284492743.0
1193050859.0
1135195795.0
1035763263.0
1084900438.0
1003019043.0
852551423.0
766410158.0
664255993.0
732198816.0
959123159.0
960727337.0
946153101.0
897805029.0
1085169990.0
1161424950.0
1109700617.0
1167146863.0
1324734235.0
1423296854.0
1532235929.0
1451760004.0
1211459501.0
1055130665.0
1024029733.0
972764889.0
940228499.0
922737364.0
934486656.0
901650832.0
931449213.0
1024897658.0
1017403746.0
1090048375.0
1155491088.0
1146004960.0
1248647543.0
1358078090.0
1226014995.0
1143340241.0
1280876281.0
1395808453.0
1182092764.0
1073902919.0
1146562963.0
1189732872.0
1244070956.0
1174120738.0
1057156370.0
1222077068.0
1531671237.0
1656119460.0
1597466996.0
1490340792.0
1616313787.0
1392472635.0
1136671146.0
1092530771.0
957646420.0
1016207028.0
1153140776.0
1359504268.0
1260727495.0
1186743438.0
1256113758.0
1459663038.0
1564649741.0
1410123000.0
1426056389.0
1290531848.0
1124965809.0
966046245.0
945598483.0
938692823.0
1000917986.0
1132292479.0
1888069179.0
2332112770.0
2013798532.0
1658942479.0
1637602866.0
1441722457.0
1368217059.0
1344555731.0
1444499898.0
1249621264.0
1112392309.0
971199916.0
1083595713.0
1273140403.0
1316656778.0
1375089648.0
1674606796.0
1575304288.0
1408588348.0
1393994410.0
1475474997.0
1718508338.0
1800479951.0
1781896882.0
1669096874.0
1464279325.0
1507782482.0
1254435167.0
1051988826.0
945499571.0
1039520878.0
936376525.0
862058952.0
940606763.0
1127408376.0
1064640084.0
1121345629.0
1278793625.0
1484266200.0
1560611473.0
1512092579.0
1493499519.0
1768628894.0
1767741250.0
1462220175.0
1322840473.0
1273366442.0
1118806299.0
940813197.0
839855415.0
748023280.0
688089000.0
716185425.0
861870371.0
1135723871.0
1176099546.0
1164561545.0
1222648422.0
1318303968.0
1124707091.0
949654405.0
786818354.0
840564546.0
907789564.0
1163603561.0
1340217822.0
1520636503.0
1704537449.0
1854345966.0
1722369682.0
1594270939.0
1588142659.0
1383110149.0
1133766841.0
985970966.0
802213065.0
748671360.0
847743698.0
1010469450.0
1308255173.0
1239913888.0
1209183941.0
1292410487.0
1519393587.0
1435740699.0
