2190235841.0
2090413224.0
2047263747.0
1988972164.0
2098844606.0
2107559400.0
1954678916.0
1890818461.0
1811786898.0
1824666153.0
1834637899.0
1811610639.0
1978578674.0
2311375393.0
2523485821.0
2302863253.0
2155730839.0
2162977665.0
2217437518.0
2230554811.0
2269645447.0
2305984338.0
2226695553.0
2229643313.0
2105049055.0
1970911359.0
1940779037.0
1808048733.0
1704947800.0
2145310082.0
2567263539.0
2445414489.0
2404731729.0
2424475767.0
2363859127.0
2341525840.0
2441797862.0
2562943796.0
2396436212.0
2150684899.0
2002294355.0
1960151362.0
2248858273.0
2109276285.0
1766137341.0
1849399124.0
2062179222.0
2139527580.0
2043746346.0
2214551976.0
2264189799.0
2095728743.0
1958268379.0
2017920927.0
2463424164.0
2492445406.0
2195113767.0
1966873134.0
2014043203.0
2078548092.0
2062101642.0
2098627718.0
2193858182.0
2268455303.0
2453453832.0
2206699700.0
2043749242.0
2132030644.0
2208680684.0
2109776983.0
2158483369.0
2433570944.0
2320478941.0
2204390533.0
2301229574.0
2243187501.0
2261104050.0
2150117083.0
1878002888.0
1929348280.0
2208510799.0
2055319820.0
2022295151.0
2043805169.0
2050210353.0
2321238686.0
2426406375.0
2607363062.0
2653617554.0
2519576400.0
2431092100.0
2264723827.0
2124060956.0
2121182627.0
2091546601.0
2123869024.0
2131471820.0
2076519063.0
2014831418.0
2009937875.0
2331353823.0
2498557644.0
2379452867.0
2397666596.0
2551509427.0
2564444427.0
2405810493.0
2263497734.0
2123576411.0
2001725569.0
1966836298.0
1873794258.0
1918917066.0
2143708760.0
2103554512.0
1934082685.0
1881285854.0
2336324677.0
2435808168.0
2089463340.0
1978558403.0
2089393625.0
2313327717.0
2304732390.0
2189274947.0
2276347653.0
2200162426.0
2069465702.0
2059377387.0
1919841934.0
1837684521.0
2283786156.0
2283750061.0
2153810977.0
2153272224.0
2130639746.0
2223924582.0
2278373481.0
2671060333.0
2905398211.0
2570457011.0
2461299476.0
2330178419.0
2308346293.0
2141764670.0
1744853307.0
1797531088.0
2041033141.0
2045776717.0
1931104583.0
2101023015.0
2281437932.0
2093027854.0
2149921925.0
2409034775.0
2367772200.0
2450283553.0
2555948924.0
2571942078.0
2517675581.0
2452288398.0
2529021686.0
2444351552.0
2096209211.0
2066986312.0
2170502925.0
1995732142.0
1927200835.0
2202542014.0
2620812288.0
2488156092.0
2224905340.0
2317165687.0
2385010688.0
2408102594.0
2474716046.0
2336473182.0
2045359209.0
2004809761.0
1839924030.0
1749952170.0
1897776277.0
2121111783.0
2108718140.0
1918865019.0
1908376480.0
2206157590.0
2256388494.0
2093103870.0
2214710140.0
