3811170859.0
4430095887.0
4913842562.0
4908721460.0
4525980708.0
4193614621.0
4169556698.0
4254910737.0
3958702868.0
3643858299.0
3905170503.0
4671981573.0
5499805649.0
5975588394.0
6137770967.0
6114227839.0
6002304975.0
5835335968.0
5592659965.0
5100320322.0
4333731500.0
3584099075.0
3071033066.0
2937245801.0
3108465147.0
3500731864.0
3746791684.0
3537504104.0
3362809167.0
3659377288.0
3956700526.0
4021016440.0
3915116007.0
3957342503.0
4314105218.0
4588141913.0
4509380949.0
4373129277.0
4426666469.0
4653151293.0
4909488577.0
4947770578.0
4827534379.0
4606607124.0
4311706106.0
3972232825.0
3734246167.0
3787515697.0
3925744099.0
4034129630.0
4118359027.0
4332796456.0
4454091158.0
4306150932.0
4054871671.0
4012795766.0
4161489236.0
4169746614.0
4179584668.0
4281722831.0
4482690621.0
4641739240.0
4678458313.0
4671090202.0
4644288213.0
4682468472.0
4593325595.0
4233524203.0
3943347868.0
3885481794.0
3848843002.0
3780878221.0
3792467840.0
3915343854.0
3971887907.0
4005768410.0
4007675991.0
3997063635.0
3916485312.0
3847870102.0
3805109118.0
3802991923.0
3730825189.0
3582539762.0
3660728889.0
3916004720.0
4037889211.0
4008351019.0
3972893801.0
4069679440.0
4195585702.0
4016243722.0
3713805137.0
3512498077.0
3361183873.0
3313555701.0
3396463431.0
3483037656.0
3515089412.0
3666375256.0
4048220093.0
4372145331.0
4470204227.0
4545875231.0
4472964068.0
4085764636.0
3850562081.0
4045634142.0
4246404078.0
4234570277.0
4215091271.0
4330275185.0
4623598284.0
5069411085.0
5323349095.0
5133268184.0
4734297808.0
4322773363.0
3907277972.0
3567387243.0
3538828970.0
3931389068.0
4383900046.0
4713410216.0
4776443926.0
4718666624.0
4642369954.0
4339168707.0
4016416090.0
3919177213.0
4214777694.0
4702130065.0
4874388834.0
4719267092.0
4517711418.0
4391340533.0
4057987756.0
3640222953.0
3491000891.0
3619446922.0
3847906954.0
4088035980.0
4397560050.0
4588644213.0
4654996426.0
4710949584.0
4608091328.0
4295175457.0
3882130495.0
3487312911.0
3418790155.0
3476181482.0
3461816611.0
3456113768.0
3559086286.0
3741536315.0
3915648114.0
3936954613.0
3903505403.0
3873336807.0
3930348432.0
4224727418.0
4430712912.0
4523296531.0
4798054424.0
5086418214.0
5172560258.0
5092273728.0
4835603231.0
4411631176.0
3971161977.0
3579777726.0
3313254749.0
3322496275.0
3478176855.0
3763327813.0
4003280022.0
4035965791.0
4068397356.0
4095588445.0
4079705781.0
3967580842.0
3814340143.0
3531706012.0
3151289985.0
2996066852.0
3221253232.0
3691518836.0
4119415513.0
4530961288.0
4910770027.0
5200696174.0
5237685458.0
4927157393.0
4556364479.0
4315846874.0
4267225992.0
4285563514.0
4216240192.0
3978226246.0
3640869923.0
3339527091.0
3221905734.0
3402020397.0
3711992037.0
4056332041.0
4221632038.0
4101620092.0
4041380032.0
3955039637.0
3610172621.0
3248105727.0
3136527799.0
3168494956.0
3349318553.0
