1938321970.0
2117145874.0
2178355854.0
2205887975.0
2302205341.0
2470100050.0
2616153193.0
2737263213.0
2954300438.0
3245865870.0
3412285422.0
3325834530.0
3063581338.0
2779118834.0
2536847500.0
2326462766.0
2131684430.0
2037038073.0
2116663872.0
2330438763.0
2660143407.0
2906334917.0
2919322808.0
2887115558.0
2965330808.0
3088497396.0
3065829477.0
2903987255.0
2782830537.0
2737066162.0
2715837675.0
2706320771.0
2696282557.0
2674042167.0
2681701771.0
2702705648.0
2688128159.0
2710718778.0
2891739889.0
3184270433.0
3356535056.0
3365589013.0
3299184125.0
3095718793.0
2826082781.0
2600534179.0
2354198276.0
2158027226.0
2118682963.0
2129036711.0
2152970399.0
2259791197.0
2380711860.0
2414884924.0
2387660574.0
2443248474.0
2611463609.0
2778264504.0
2903556961.0
2913727978.0
2793977126.0
2630249934.0
2471362465.0
2334687617.0
2195366090.0
2135018761.0
2261443683.0
2424760955.0
2362460848.0
2160034090.0
2097795091.0
2224634049.0
2420053180.0
2558385032.0
2608265828.0
2546806911.0
2389410017.0
2273072353.0
2276626849.0
2359802780.0
2484203755.0
2656684499.0
2812870816.0
2879659399.0
2913620287.0
2918957948.0
2782639929.0
2568022064.0
2395418082.0
2309788592.0
2400246559.0
2586202015.0
2710910395.0
2689597148.0
2568389399.0
2485083135.0
2437902754.0
2435287088.0
2517701929.0
2649498988.0
2728192853.0
2704106552.0
2758218222.0
2931052415.0
3066723809.0
3161330228.0
3256048478.0
3320680627.0
3173211194.0
2836349441.0
2621274431.0
2557279906.0
2597523263.0
2766869647.0
2980551664.0
3065220951.0
2892556240.0
2651010586.0
2542318750.0
2513890064.0
2522850719.0
2658612746.0
2856027803.0
2831745353.0
2551136908.0
2291275460.0
2181436435.0
2100182474.0
2014984002.0
1993994016.0
2024568478.0
2044634734.0
2031296563.0
2080681707.0
2231720248.0
2451548349.0
2624984821.0
2559010920.0
2376220546.0
2320004566.0
2494032658.0
2798889024.0
2957757944.0
2937088660.0
2794846681.0
2576105664.0
2345301515.0
2122682547.0
2057519126.0
2161860225.0
2279370036.0
2386683663.0
2530061044.0
2723858069.0
2849159522.0
2849127993.0
2807059825.0
2724785989.0
2705552045.0
2848821123.0
3057250722.0
3130007960.0
2965575796.0
2833875432.0
2920249010.0
3015472453.0
2999942562.0
2902305457.0
2774306798.0
2627303237.0
2445517768.0
2383273008.0
2507175690.0
2692500017.0
2809533426.0
2892720747.0
3033269113.0
3118096619.0
3118174076.0
3117020227.0
3121415616.0
3083339307.0
2928003997.0
2777471375.0
2694638022.0
2648221607.0
2735693904.0
2901113450.0
2966719869.0
2786265897.0
2416494795.0
2079616588.0
1908689121.0
1872842173.0
1894194427.0
1973474215.0
2103944259.0
2229979395.0
2345349561.0
2474143819.0
2499586926.0
2377646444.0
2278562431.0
2310367016.0
2451680162.0
2608177652.0
2726604267.0
2695650151.0
2480273496.0
2241461953.0
2104530645.0
2094809442.0
2125864734.0
2173528324.0
2342763020.0
2602955341.0
2744550174.0
2715429417.0
2633021847.0
2574162936.0
2514896474.0
2419064549.0
2357039255.0
2364615631.0
2382740535.0
2503727754.0
2827791045.0
3240511813.0
3458869435.0
3314202337.0
3083100318.0
3005227471.0
2997850021.0
2998402696.0
2967042483.0
2885364060.0
2757477467.0
2548220882.0
2332072512.0
2236543270.0
2324767840.0
2590489423.0
3007179083.0
3485857092.0
3752792883.0
3686545233.0
3440444124.0
3217654460.0
3063815559.0
2926888955.0
2925852129.0
3066822227.0
3098792029.0
2837152829.0
2444869840.0
2188611079.0
2076890383.0
2009157469.0
1977671434.0
2082433679.0
2336994088.0
2553201562.0
2509755149.0
2325287555.0
2241923180.0
2228966872.0
2181112370.0
2104564110.0
2084759623.0
2118332423.0
2206823648.0
2368913555.0
2456682332.0
2357408665.0
2231865789.0
2250153731.0
2485409646.0
2845761628.0
3078128029.0
3099598930.0
2967787809.0
2737991252.0
2472028012.0
2263319907.0
2149760108.0
2061049198.0
1995215683.0
1971690598.0
1992899807.0
2157245771.0
2345897049.0
2425068814.0
2567859329.0
2819126725.0
2979309124.0
2920299649.0
2805754794.0
2807121522.0
2835608593.0
2824913353.0
2860320799.0
3005549874.0
3135260732.0
3105446433.0
2965164161.0
2841803332.0
2832899364.0
2941023697.0
2968165287.0
2769554478.0
2510076035.0
2388406410.0
2541176992.0
3008551131.0
3512220539.0
3611979058.0
3311197963.0
2998643540.0
2761095697.0
2530993920.0
2352813218.0
2310072614.0
2387188986.0
2397472162.0
2330348151.0
2333748641.0
2408086242.0
2430117724.0
2393075129.0
2367153764.0
2347035489.0
2393051568.0
2518132311.0
2641495896.0
2831350790.0
3074646572.0
3135578806.0
2976832765.0
2726395581.0
2411166420.0
2060505478.0
1851251885.0
