1705821556.0
1741151568.0
1835675671.0
1952493663.0
1970862773.0
2050361514.0
2099806614.0
1848285602.0
1632778746.0
1807041824.0
2002623570.0
1873003682.0
1532338158.0
1489217585.0
2169803781.0
2935798002.0
2852372659.0
2396740489.0
2391876246.0
2650413624.0
2523376980.0
1710794851.0
1120298753.0
1611959674.0
2436911128.0
2725886645.0
2553348659.0
2301233470.0
2312482739.0
2285867579.0
1932568383.0
1957677729.0
2435192044.0
2603125402.0
2496968101.0
2309411487.0
2001787433.0
1761083505.0
1560753746.0
1425402375.0
1551507964.0
1870263942.0
2216069285.0
2513336066.0
2585729393.0
2295729630.0
1848681930.0
1613442153.0
1726985928.0
1833868177.0
1647068761.0
1477031882.0
1560445380.0
1667532678.0
1657251663.0
1705828876.0
1885846204.0
2061605404.0
2204131977.0
2309746055.0
2309639784.0
2234835285.0
2194363158.0
2194769462.0
2072935236.0
1852973858.0
1708806576.0
1683715578.0
1650198806.0
1511397314.0
1534161714.0
1934081705.0
2390429275.0
2481417423.0
2090177386.0
1684162775.0
1861594211.0
2343078873.0
2545061844.0
2541050949.0
2493290090.0
2339495949.0
2182273282.0
2150372003.0
2344108178.0
2558956844.0
2316416690.0
1846253037.0
1842171213.0
2211070515.0
2398853017.0
2234444039.0
1937377077.0
1853909041.0
2088285586.0
2343287880.0
2213968492.0
1812953828.0
1706394183.0
1972352330.0
2257896432.0
2310852357.0
1993510800.0
1679407411.0
1732420115.0
1784476020.0
1737247701.0
1881259320.0
2045308970.0
1984814262.0
1853458592.0
1883876390.0
2011494611.0
2061111535.0
2025398611.0
2027079308.0
2221486881.0
2323309983.0
2138170658.0
1972840904.0
1859505831.0
1711960028.0
1776258117.0
1984104301.0
2052933261.0
2081828654.0
2065955150.0
1920134050.0
1877448456.0
2041491502.0
2142886636.0
2003751048.0
1834142241.0
1834299335.0
1841247452.0
1916547956.0
2197583396.0
2469582599.0
2488086654.0
2420432124.0
2587459864.0
2723630592.0
2378975429.0
1964006412.0
2043446153.0
2238566247.0
2168546472.0
2067038580.0
2030310691.0
2074385061.0
2178632034.0
1967810835.0
1721252443.0
2052091077.0
2602232187.0
2739188965.0
2492451233.0
2303702927.0
2188543427.0
1842051131.0
1622132312.0
1983759444.0
2468655382.0
2507219062.0
2209467220.0
1906376217.0
1818491010.0
1840513920.0
1806715642.0
1910888798.0
2052990500.0
1964105486.0
1962101015.0
2166158796.0
2165952382.0
1949127256.0
1820461935.0
1833599679.0
1868650235.0
1990986523.0
2318740478.0
2714478220.0
2832654490.0
2626069100.0
2259242086.0
1818224168.0
1635959409.0
